experimentPhase	trialnum	subject	task	noisePercent	targetLeftRightIfOne	answerPos0	answer0	response0	correct0	responsePosRelative0	answerPos1	answer1	response1	correct1	responsePosRelative1	timingBlips
main	0 	auto 	 T1T2 	 1.0 	 right 	13 	C 	Z 	0.0 	-2.0 	13 	G 	Z 	0.0 	-10.0 	[13  8 21 15 24 17  9  0  5 20  6 25  3  2  4 16 19 23 22 11 10 12  7 14  1
 18]	[14  0 11 25  4  8  3 16 13 12 18 17 20  6  2 10 24 19 23  1 21  5  9 15  7
 22]	0
main	1 	auto 	 T1T2 	 1.0 	 right 	11 	T 	Z 	0.0 	-1.0 	11 	N 	Z 	0.0 	10.0 	[12  1 13 21 23 10 11 18  3  5 25 19  7 24  4 17  2 15  9 14  6 20  8 22 16
  0]	[ 2  5 11  8 16 20 24 22 15 23  4 13  9 18 17 12  3  6 14 10  7 25  0 19  1
 21]	1
main	2 	auto 	 T1T2 	 1.0 	 left 	17 	X 	Z 	0.0 	8.0 	17 	Y 	Z 	0.0 	-4.0 	[22 12 19  5 20 17 14  4 15 13  1 10  9 21 24  3  6 23  8  0 16  2 18 11  7
 25]	[18  6 22 16  7 21  3  1 20 10  0 11  5 25 17 23  2 24  9 12  8  4 19 15 13
 14]	0
main	3 	auto 	 T1 	 1.0 	 left 	11 	H 	Z 	0.0 	-4.0 	NaN 	NaN 	NaN 	NaN 	NaN 	[ 5  8 23 20 19 21  6 25  4  1  3  7 11  0  2 17 22 10 16  9 15 18 12 14 13
 24]	[15  6  1  0  8  4 13 12 16  2 21 18 10 17 19 24 25  9  5 22 11 20 23  3 14
  7]	0
main	4 	auto 	 T1T2 	 1.0 	 right 	15 	E 	Z 	0.0 	4.0 	15 	T 	Z 	0.0 	3.0 	[18  1  5 14 12  0  3  7 15 20 24 11 13 17  6  4  8 23 16 25  9 10 21 19  2
 22]	[13  4  9 11  6 22 20 24 14  8 10  7  0 12 15 19 17 21 25  5 23 18 16  2  3
  1]	0
main	5 	auto 	 T1T2 	 1.0 	 left 	9 	T 	Z 	0.0 	-3.0 	9 	D 	Z 	0.0 	9.0 	[17 15 21  7 23  5 25  2  8 19 18 16  1 20 10 11 13  3  6  4  9 12 14  0 24
 22]	[11 24  1  0 14 16 21 23 17  3  4 10 22 12 19 18  7 15 25  6 13  9  2  5  8
 20]	0
main	6 	auto 	 T1T2 	 1.0 	 right 	9 	T 	Z 	0.0 	6.0 	9 	Q 	Z 	0.0 	3.0 	[ 3 23  0  6 10 18 20 13  4 19  1 24 14 15 12 25 17 21 11  5  2 22  7  8 16
  9]	[22  4 10 11  8  0 13 17 21 16  7 12 25  1 15  5  6  9  3  2 23 24 18 19 20
 14]	0
main	7 	auto 	 T1T2 	 1.0 	 left 	11 	L 	Z 	0.0 	6.0 	11 	U 	Z 	0.0 	7.0 	[17 16  4 23 15  6 14  1 18  7  8 11 22  9  2  0 10 25  5 20  3 21 12 24 19
 13]	[ 9 13 18 12 21  1  7  6  5  2 16 20 19  4 24 14  3 17 25  8 15 23  0 11 22
 10]	1
main	8 	auto 	 T1 	 1.0 	 left 	17 	Y 	Z 	0.0 	2.0 	NaN 	NaN 	NaN 	NaN 	NaN 	[14 15  6  0  4  9 22  1  5 17 19 20  2 23 12  7 13 24  8 25 16 10 18  3 11
 21]	[ 8 11  3 19  5 17  0 18  1 21  2  6 13  9 10 15 14 23  7 22 25 16 12 20 24
  4]	0
main	9 	auto 	 T1T2 	 1.0 	 left 	17 	F 	Z 	0.0 	3.0 	17 	O 	Z 	0.0 	-15.0 	[11 15  8  9 18 14 12  0  6 13 23 22 24  3  4  1 21  5 20 16 25 10  2  7 17
 19]	[ 2  0 25 15  6 18 20  5 21  3 17  4 22  7  1 16 23 14 24 19  8 13 10 12 11
  9]	0
main	10 	auto 	 T1 	 1.0 	 left 	17 	J 	Z 	0.0 	-1.0 	NaN 	NaN 	NaN 	NaN 	NaN 	[18  4  0  3 10  8 21 24 22 19 11 23 15 13  6 12 25  9 20  5  1  7 16 17  2
 14]	[25  1 23 10 22 13  6 14  0 18 24  8 16 20  4 19  2  3 21 17  7  5 12 15 11
  9]	0
main	11 	auto 	 T1T2 	 1.0 	 right 	9 	X 	Z 	0.0 	-2.0 	9 	Z 	Z 	1.0 	0.0 	[ 5  0 18  8 20 14  3 25 15 23 10 21 24  1 22 19 17 13  6  9 11  2 16  7 12
  4]	[12 21  7 19  8 16 18  3  1 25 22 11  0 15 20 24  2  6 14 13  4  9  5 23 17
 10]	0
main	12 	auto 	 T1T2 	 1.0 	 left 	7 	Q 	Z 	0.0 	1.0 	7 	H 	Z 	0.0 	9.0 	[17 14  7 13 21 22  3 16 25  8 15  2 12 10 18 11 20 19  4  9 23  1  0  6 24
  5]	[15  0 13 21 12  6  1  7  4 19  8  5 18 14 11  2 25 20 24 17 10 16  3 23  9
 22]	0
main	13 	auto 	 T1 	 1.0 	 left 	13 	T 	Z 	0.0 	11.0 	NaN 	NaN 	NaN 	NaN 	NaN 	[17 11 15  7  9  1  2 18 10 20 16 23  5 19  8 14 24 22 12  3  0 13  6 21 25
  4]	[10 24 13 17 14  2  1  7 15 12 25 21  0 11  9  4  5 23 20 22  6  8 16  3 19
 18]	0
main	14 	auto 	 T1 	 1.0 	 left 	9 	N 	Z 	0.0 	-3.0 	NaN 	NaN 	NaN 	NaN 	NaN 	[ 7 12 15  0 20  1 25 17 16 13 11 21  8  3 10  9  6 23  2 22 14  5 18 24 19
  4]	[19  5 16 13  1  2 12  7  9 23  8  4 22 18 25  0 20 17 10 15 11  3 24 14  6
 21]	0
main	15 	auto 	 T1T2 	 1.0 	 left 	11 	W 	Z 	0.0 	-10.0 	11 	J 	Z 	0.0 	-4.0 	[10 25 19 18 23 17 15  7  2  1  3 22 13  5 11 24 21 16 12 20 14  4  0  8  6
  9]	[23 21  6 16  5 10 20 25  0  8 13  9 18 14 19 12  7 17  2  3 22  1 11 15  4
 24]	1
main	16 	auto 	 T1 	 1.0 	 right 	7 	R 	Z 	0.0 	-1.0 	NaN 	NaN 	NaN 	NaN 	NaN 	[21  3 24  7  6 23 11 18  2 15  4 14 13 12  9  1 25 16 17 19 20 10  0  8  5
 22]	[23 15  0  6 18 24 25 17 19 10  3 13 20  8  4  5 11  9 21 22  1 12 16 14  7
  2]	0
main	17 	auto 	 T1T2 	 1.0 	 left 	11 	Q 	Z 	0.0 	6.0 	11 	C 	Z 	0.0 	-11.0 	[ 6 20  3 24  0  7 22 15 14  9 21 16  5 19 13  4 11 25 12 10 18  8 17  2 23
  1]	[25 23 19  7  1 21  3 16  0 12 20  2 17 18 14  9 15  4  6  8 11 24 10  5 22
 13]	0
main	18 	auto 	 T1T2 	 1.0 	 left 	13 	C 	Z 	0.0 	10.0 	13 	U 	Z 	0.0 	6.0 	[15 24 14  7  5  0  6 22 23 16 18  8 13  2 21 17  3  9 11  1 12  4 10 25 19
 20]	[ 3  8 16 18 21 15 24  6 12 13 23 19  7 20 22  0  2  5 17 25  9 14 11  4 10
  1]	0
main	19 	auto 	 T1 	 1.0 	 left 	7 	O 	Z 	0.0 	15.0 	NaN 	NaN 	NaN 	NaN 	NaN 	[21 22  8  5  4 17 10 14  7  2 15 13 12 23  6 18 11  1 19  9 20 24 25  0  3
 16]	[15  5 16 13  1  9 12  0 18 21 11 14  6 20 24  8  4  3 23 22 10  7 17 25 19
  2]	0
